letter charge hydrophobicity_index residue_mass occurrence_in_proteins percent_buried_residues van_volume accessible_surface_area ranking_of_amino_acid_polarities solubility
A 0 0.595631422429156 -1.54898279888542 1.19528993671292 1.05344025592845 -2.90578396747766 -3.09106539696091 -0.253546276418555 -0.344261817724343
R 1 -1.48435132256155 1.20855593785574 0.0800092655406214 -3.05227561333115 2.67166867151974 3.04872203535871 0.760638829255665 -0.365870455946888
N 0 -2.01380147583191 -0.154962675206526 -0.210933518243456 -1.97182406878915 -0.908918207836613 -0.29640353121543 0.929669680201368 -0.516083231954518
D -1 -3.03488391428189 -0.123058237662241 0.0800092655406214 -1.48562087374525 -1.25320540777472 -0.381090254419839 1.43676223303848 -0.552123821280847
C 0 0.898174367155077 -0.510039268576659 -1.56866650923582 2.02584664601625 -1.59749260771283 -1.48201765607715 -0.591607978309962 2.0569162538536
Q 0 -1.33307985019859 0.29951112898757 -0.453385838063521 -2.37159114026969 0.330515711940586 0.889210593646291 1.09870053114707 -0.5509975528644
E -1 -2.12725508010413 0.331415566531855 0.613404369144763 -0.891372524247149 -0.0137714879975244 0.973897316850699 1.26773138209277 -0.529572260663137
G 0 -0.954901169291187 -2.00345336306351 1.00132808085687 0.945395101474249 -4.21407532724248 -4.14964943701602 0.0845154254728517 -0.235039973617662
H 1 -0.652358224565267 0.591449530580972 -1.37470465337977 -0.999417678701349 0.605945471891075 0.931553955248495 -0.0845154254728517 -0.5074397766655
I 0 2.78906777169208 -0.185561386303127 0.22548065743266 3.97065942619184 1.01909011181681 -0.211716808011022 -1.60579308398418 -0.508395795205043
L 0 2.7134320355106 -0.185561386303127 1.97113736013713 1.37757571929105 1.01909011181681 -0.0423433616022044 -1.26773138209277 -0.530541375347057
K 1 -1.82471213537821 0.300917295931231 0.370952049324699 -2.59848596462351 1.77652195168065 1.43967429447495 1.60579308398418 2.0569162538536
M 0 1.84362106942358 0.398908339811534 -1.08376186959569 2.34998210937885 1.01909011181681 0.931553955248495 -0.929669680201368 -0.518034557466736
F 0 2.82688563978282 0.916598096166343 -0.550366765991547 2.13389180047045 1.77652195168065 1.60904774088376 -1.43676223303848 -0.523482553527692
P 0 -2.69452310146523 -0.705350673025428 0.0315188015766083 -0.459191906430349 -1.32206284776235 -1.82076454889479 0.422577127364258 1.56319161082939
S 0 -1.14399050974489 -1.03059967910677 1.14679947274891 -0.459191906430349 -2.49263932755192 -1.9901379953036 0.591607978309962 -0.496530688399209
T 0 -0.463268884111566 -0.576125874912678 0.467932977252725 -0.351146751976149 -1.11549052779948 -1.27030084806613 0.253546276418555 2.0569162538536
W 0 2.7134320355106 2.18139342173248 -1.81111882905588 -0.567237060884549 3.70453027133407 3.51449901298296 -0.760638829255665 -0.547435401593774
Y 0 1.42762452042544 1.43498121594498 -0.841309549775624 -1.64768860542655 2.18966659160639 2.58294505773446 -0.422577127364258 -0.561719366266095
V 0 1.91925680560506 -0.640035190497223 0.710385297072789 2.99825303610405 -0.289201247948013 -1.18561412486172 -1.09870053114707 -0.446411743867282
